    66666666666666666666666666666666666666666666666666666666666666666666666666666666666666666666666666666666666666666666666
    666666666666666666666666666666666666666666666666666666666666666666666666666666666666666666666666666666666666666666666666
    666666666666666666666666666666666666666666666666666666666666666666666666666666666666666666666666666666666666666666666666
    666666666666666666666666666666666666666666666666666666666666666666666666666666666666666666666666666666666666666666666666
    666666666666666666666666666666666666666666666666666666666666666666666666666666666666666666666666666666666666666666666666
    666666666666666666666666666666666666666666666666666666666666666666666666666666666666666666666666666666666666666666666666
    666666666666666666666666666666666666666622224445555555                  555555555554445555542666666666666666666666666666
    666666666666666666666666666666622455        555444222222222222222222222266666666666666222245  52666666666666666666666666
    66666666666666666666666662255 55444444222222222222222222222666666666666622222266666666666666625 526666666666666666666666
    666666666666666666666245 542666222666666666666666666666222222222222222222666662222666666666666625 5266666666666666666666
    66666666666666666625  4266662266666222222222222222222226666666666666666662222226662226666666666664  46666666666666666666
    66666666666666625  52666666666666666666666666666666666666666666666222222222266622226622266666666662  5666666666666666666
    666666666666666  42666666666622226666666662222666666666666662266666666666666622222622266622666666662  466666666666666666
    666666666666666 5666666666622666666666666662666666666666666466666666666666666666662266226666666666662  26666666666666666
    666666666666664 56666666666666666666666666662666666666666662666666666666666666666666266666666666666662  2666666666666666
    66666666666664  2666666666666666666666666666266666666666666666622455         55426666666666666666666662  266666666666666
    6666666666625  26666666666666224555554422666266666666666666625  542262            52666666666666666666625 52666666666666
    66666666625  4666666666666625  54445      54266666666666662  5266666225        5224 5666222266666662222225  526666666666
    666666625  46624226666666662244555           5245466666662   66625   554422222445   52666222666666666662222245 466666666
    6666662  56242662666666666666666666666662245  54266666666624    5226666664426666666666666662455   55422666662625 4666666
    666666   62262226622222226666666666666666662  66666666666666622666666666665  4266666666245   52666622455466666662  26666
    666662  222662664  554455 542662226666666662  666666666666666666666666666662255 55555  55422666546666662  26662662  2666
    666662  246662666666662662    5  2666666664  56666666666666666666666666666666666666666666666662  26666666  26626664 5666
    666666  24666266666662 266222226666666625  4266666666666666245422662666666666666666666666225      52666664 46626662  666
    6666662  226622666666  566666666666624   26666666666666666622224  2222266622666666662245  542666     52665 46626662  666
    66666662 55266666666   5666666666222     266666666666224444426665 26666666666662245   5426666664  2622262 56662666  5666
    666666662  222222665    42666622266662664 4666666666644442245625 5666666662455    5  2666666625  4666666 466622665 56666
    6666666662  2666662  55   54266666666666664 5224566666666666662226622455  554226662  26666225   5266666666662262  466666
    66666666664  266665    52     54266666666666455526666666666222455    4226666666662   4455      4666666666666625 52666666
    666666666665 566665    66  2625     5544222222222244555     5542225 5666666666625      42225 526666666666662  5266666666
    666666666662  6666    562  66662  22244445   55544225 5226666666662  26622245        26662  466666666666625 526666666666
    666666666666  26665    45  2662  466666666  466666664 46666666666665  5        4225 46664  26666666666664  2666666666666
    666666666666  26665          55  542222222  222222225 52222222455         542666664  24  566666666666662  26666666666666
    666666666666  26662                                                55 56666666666664   5266666666666662  666666666666666
    666666666666  26666                                          54226664 5666666666624  52666666666666662  2666666666666666
    666666666666  666664 52   5                         555  266666666666  566666624   526666666666666662  26666666666666666
    666666666662  666666  52  265 52224  222225  5666666662  66666666666665 56624   52666666666666666625 5266666666666666666
    666666666664 56666666  5 54665 5666  5666664  666666662  66666666666662  5   426666666666666666625 526666666666666666666
    666666666665 2666666664   5424  4662  466666  266666662  266666622455   54266666222266622426624  52666666666666666666666
    66666666666  266666666662255      55   542225 522222224   555      5422666662222666244226624  52666666666666666666666666
    66666666662  6666666666666666662222444555555555555555554444222226666666622226662442266225  52666666666666666666666666666
    66666666662 5666662666662266666666666666666666666666666666666666666222226622222666225  542666666666666666666666666666666
    66666666664 566666266666624426666666666666666666666666666666622222222222226666225  5426666666666666666666666666666666666
    66666666665 46666662266666666222222266666666666666666622222222222222666666245  52266666666666666666666666666666666666666
    66666666665 466666666222226666666666666666666666666666222226666666666624  5426666666666666666666666666666666666666666666
    66666666662  66666666666662222222222666666666666666666666666666666245 54266666666666666666666666666666666666666666666666
    666666666662  266666666666666666666666666666666666666666666666245 542666666666666666666666666666666666666666666666666666
    66666666666625 5266666666666666666666666666666666662245       5426666666666666666666666666666666666666666666666666666666
    6666666666666624  5426666666666666666666666222455   55442222666666666666666666666666666666666666666666666666666666666666
    66666666666666666225    55554444445555     55422266666666666666666666666666666666666666666666666666666666666666666666666
    666666666666666666666662222444444222222666666666666666666666666666666666666666666666666666666666666666666666666666666666
    666666666666666666666666666666666666666666666666666666666666666666666666666666666666666666666666666666666666666666666666
    666666666666666666666666666666666666666666666666666666666666666666666666666666666666666666666666666666666666666666666666
    666666666666666666666666666666666666666666666666666666666666666666666666666666666666666666666666666666666666666666666666

